      0/99     1.84G   0.02367   0.01128  0.006521   0.04148        35       256    0.7195    0.7532    0.7758    0.6351   0.02502  0.007468  0.008176
      1/99     1.87G   0.02445   0.01172  0.006962   0.04313        25       256    0.7654      0.71    0.7854    0.6336   0.02693  0.007498  0.007577
      2/99     1.87G   0.02555   0.01184  0.007245   0.04463        32       256    0.7309    0.7323     0.765    0.6137   0.02699  0.007882  0.007969
      3/99     1.87G   0.02713   0.01208  0.007746   0.04696        30       256    0.6629    0.6972    0.6946    0.5327   0.02883  0.008168   0.01469
      4/99     1.87G   0.02835   0.01236  0.008318   0.04903        32       256    0.7902    0.6035    0.7101    0.5387   0.03133  0.008359   0.01254
      5/99     1.87G   0.02778   0.01237  0.009251    0.0494        35       256    0.6855    0.6218    0.6928    0.5237   0.03044  0.008622   0.01368
      6/99     1.87G   0.02884   0.01312  0.009855   0.05182        32       256    0.6926    0.5639     0.657    0.4972   0.03183  0.009144   0.02208
      7/99     1.87G   0.02984   0.01323  0.009905   0.05297        23       256    0.7711    0.6369    0.7515    0.5906   0.02931  0.008271   0.01119
      8/99     1.87G    0.0294   0.01315  0.009763   0.05231        41       256    0.7468    0.5969    0.6972    0.5446   0.03038  0.008629   0.01245
      9/99     1.87G   0.03131   0.01301   0.01038   0.05469        27       256    0.6631     0.668    0.7189     0.537   0.03157  0.008525  0.009501
     10/99     1.87G   0.03115    0.0131   0.01014   0.05439        29       256    0.6415    0.6173    0.6561    0.4755   0.03156  0.008652   0.01791
     11/99     1.87G   0.03131   0.01335   0.01052   0.05518        37       256    0.7713     0.608    0.7241    0.5524   0.03136  0.008592  0.009402
     12/99     1.87G   0.03133   0.01302   0.01088   0.05524        22       256     0.695    0.6148    0.6654    0.4813    0.0361  0.009923   0.01224
     13/99     1.87G   0.03035   0.01316   0.00936   0.05288        36       256    0.7257     0.607    0.7083    0.5282   0.03334  0.008561  0.009795
     14/99     1.87G    0.0305   0.01341   0.01067   0.05458        34       256    0.7373    0.5675    0.6776    0.5041   0.03061  0.009035    0.0141
     15/99     1.87G   0.03094   0.01319   0.01039   0.05452        30       256    0.7119    0.6586    0.7228    0.5537   0.03031  0.008119   0.01243
     16/99     1.87G   0.03081   0.01355   0.01042   0.05479        25       256    0.6854    0.6409     0.708    0.5425   0.03041  0.008699   0.01218
     17/99     1.87G   0.03033   0.01335  0.009736   0.05341        32       256    0.6773    0.6611    0.6975    0.5265   0.03086  0.009274   0.01197
     18/99     1.87G   0.03038   0.01315   0.01069   0.05422        38       256    0.7288    0.6158    0.6979    0.5357   0.02946  0.008921    0.0151
     19/99     1.87G   0.03005   0.01313   0.01013   0.05332        37       256    0.7069    0.6948    0.6989     0.545   0.02962  0.008237   0.02112
     20/99     1.87G   0.03008   0.01319   0.01002   0.05328        30       256    0.7849    0.6271    0.7396    0.5848    0.0289   0.00788  0.009345
     21/99     1.87G   0.02992   0.01315  0.009996   0.05306        37       256    0.7068    0.6549    0.7271    0.5732   0.02918   0.00838   0.01108
     22/99     1.87G   0.02976   0.01338  0.009333   0.05248        33       256    0.7083    0.6354    0.7039    0.5434   0.03021  0.008917    0.0121
     23/99     1.87G   0.02941   0.01293  0.009668   0.05201        41       256    0.7137    0.6461    0.7235    0.5632   0.03072  0.008485   0.01363
     24/99     1.87G   0.02945   0.01291  0.009837    0.0522        30       256    0.7824    0.6389    0.7439    0.5884   0.02759  0.008017   0.01117
     25/99     1.87G   0.02909   0.01308  0.009833   0.05201        35       256    0.7191    0.6367    0.7107    0.5578   0.02867  0.009565   0.01411
     26/99     1.87G   0.02912   0.01293  0.009125   0.05118        26       256    0.6232    0.5403    0.6048     0.439   0.03643   0.01101   0.01468
     27/99     1.87G   0.02839   0.01271  0.009308   0.05041        29       256    0.7805    0.6242    0.7317    0.5645   0.02974  0.008344  0.009759
     28/99     1.87G    0.0287   0.01285  0.009503   0.05105        26       256    0.7775     0.661     0.754    0.6017   0.02738  0.007822  0.009104
     29/99     1.87G   0.02868   0.01243  0.009329   0.05045        34       256    0.7972    0.6124    0.7307    0.5701   0.03053  0.008236   0.01273
     30/99     1.87G    0.0288   0.01295   0.00985    0.0516        32       256    0.6456    0.7244    0.7221    0.5482   0.03006   0.00816   0.01012
     31/99     1.87G   0.02866   0.01272  0.009735   0.05111        29       256     0.675    0.6222     0.701    0.5533   0.02823  0.008105   0.01563
     32/99     1.87G    0.0281   0.01297  0.009478   0.05055        31       256    0.6634    0.7204    0.7507    0.5964   0.02897  0.008106  0.008475
     33/99     1.87G     0.028   0.01217  0.008738    0.0489        35       256    0.7124    0.6531    0.7271    0.5756   0.02865   0.00897   0.01059
     34/99     1.87G   0.02829   0.01231  0.009524   0.05012        22       256    0.7528    0.6932    0.7603     0.593   0.02763  0.007838  0.009982
     35/99     1.87G   0.02831   0.01256  0.008975   0.04985        29       256    0.7482    0.6511    0.7484    0.5974   0.02718  0.007844  0.009488
     36/99     1.87G   0.02754   0.01223  0.009124   0.04889        38       256    0.7737    0.6473    0.7441    0.5898   0.02774  0.008053    0.0104
     37/99     1.87G   0.02775   0.01242  0.009374   0.04954        37       256    0.7758    0.6302    0.7363    0.5822   0.02864  0.008243   0.01073
     38/99     1.87G   0.02752   0.01253  0.009293   0.04934        30       256    0.7648    0.6414    0.7346    0.5792   0.02696  0.008659  0.009862
     39/99     1.87G    0.0277   0.01268   0.00894   0.04932        32       256    0.6731     0.691    0.7333    0.5885   0.02768  0.008054   0.01017
     40/99     1.87G   0.02745   0.01254  0.008709    0.0487        43       256    0.7244    0.6557    0.7245    0.5877   0.02736  0.007847   0.01009
     41/99     1.87G   0.02701   0.01264   0.00897   0.04862        33       256    0.7186    0.7003    0.7422    0.6015   0.02732  0.007804   0.00982
     42/99     1.87G   0.02705   0.01265   0.00874   0.04844        33       256    0.7086      0.67    0.7359    0.5912   0.02694  0.008105  0.008532
     43/99     1.87G   0.02705   0.01217   0.00794   0.04716        26       256    0.7549    0.6614    0.7373    0.5965   0.02814  0.008223   0.00992
     44/99     1.87G   0.02707    0.0125  0.008652   0.04822        31       256    0.7823    0.6537    0.7445    0.6015   0.02739    0.0079  0.009149
     45/99     1.87G   0.02688   0.01237  0.008649    0.0479        40       256    0.7287    0.7168     0.761    0.6099   0.02713  0.008056  0.008276
     46/99     1.87G   0.02674   0.01223  0.008555   0.04753        35       256    0.7435    0.6312    0.7415    0.5962   0.02708  0.007718  0.009543
     47/99     1.87G   0.02638   0.01196  0.008424   0.04677        31       256    0.7549    0.7012    0.7695    0.6151   0.02701  0.007697  0.008394
     48/99     1.87G   0.02634   0.01194  0.008785   0.04707        33       256    0.6879    0.6432    0.7068    0.5683   0.02754  0.008138   0.01016
     49/99     1.87G   0.02617   0.01213  0.008376   0.04668        43       256    0.7446    0.6654    0.7429    0.6038   0.02576  0.007681    0.0108
     50/99     1.87G   0.02626   0.01239    0.0082   0.04685        34       256    0.8114    0.6737    0.7824    0.6327   0.02635  0.008077  0.007868
     51/99     1.87G    0.0261   0.01201  0.008358   0.04647        29       256    0.6737    0.7048    0.7308    0.5919   0.02694  0.008024   0.01291
     52/99     1.87G   0.02615   0.01233  0.007918    0.0464        33       256    0.7133    0.6805    0.7431    0.6038     0.026  0.007739   0.01058
     53/99     1.87G   0.02567   0.01182  0.008554   0.04605        42       256    0.7578    0.7222    0.7842      0.63     0.027   0.00757  0.007454
     54/99     1.87G   0.02576   0.01182  0.008147   0.04572        37       256    0.7907    0.6533    0.7594    0.6191   0.02662  0.007601  0.009615
     55/99     1.87G    0.0258   0.01192   0.00778    0.0455        32       256    0.7127    0.6883    0.7549     0.621   0.02552  0.007437  0.009554
     56/99     1.87G   0.02521   0.01172  0.007356   0.04429        29       256    0.8301    0.6378     0.745    0.6061   0.02663  0.007945   0.01014
     57/99     1.87G   0.02537   0.01167  0.008046   0.04508        23       256    0.6981     0.705     0.748     0.614   0.02573  0.007657   0.01026
     58/99     1.87G   0.02527   0.01163  0.007925   0.04483        28       256    0.7689    0.6592    0.7597    0.6183   0.02616  0.007605   0.01009
     59/99     1.87G   0.02524   0.01181  0.007116   0.04417        32       256     0.753    0.7049    0.7657    0.6268   0.02615  0.007495   0.01154
     60/99     1.87G   0.02484   0.01158  0.007297   0.04372        30       256    0.7345    0.6667    0.7376    0.5955   0.02672  0.007436    0.0095
     61/99     1.87G   0.02485   0.01153  0.007851   0.04423        34       256    0.7714    0.6688    0.7593     0.615   0.02601  0.007609  0.008343
     62/99     1.87G    0.0252   0.01176  0.007589   0.04455        32       256    0.7737    0.6662    0.7565     0.617   0.02623  0.007859  0.008782
     63/99     1.87G   0.02476    0.0119  0.007215   0.04387        28       256    0.7892     0.639    0.7599    0.6223   0.02607  0.007583   0.01048
     64/99     1.87G   0.02452    0.0117  0.007102   0.04332        37       256    0.7224    0.7111    0.7646    0.6208    0.0252  0.007502  0.009066
     65/99     1.87G   0.02456   0.01165  0.007131   0.04334        28       256     0.705     0.713    0.7574    0.6196   0.02633   0.00768  0.009032
     66/99     1.87G   0.02399   0.01132   0.00676   0.04207        27       256    0.7075    0.7843     0.784    0.6477   0.02543  0.007512  0.008905
     67/99     1.87G   0.02448   0.01133  0.007102   0.04291        23       256    0.7435    0.7076    0.7562     0.622   0.02564  0.007639    0.0103
     68/99     1.87G   0.02414   0.01135  0.007046   0.04254        32       256    0.7704     0.653    0.7647    0.6306   0.02553  0.007529   0.00862
     69/99     1.87G   0.02395   0.01147  0.006995   0.04241        30       256    0.7758    0.6835     0.766    0.6299   0.02532  0.007729  0.008833
     70/99     1.87G   0.02382   0.01147  0.007155   0.04245        39       256    0.6562     0.704    0.7348    0.6074    0.0257  0.007493   0.01102
     71/99     1.87G   0.02396    0.0114  0.007093   0.04246        28       256    0.7024    0.6659    0.7154    0.5895   0.02586  0.007599   0.01156
     72/99     1.87G   0.02383   0.01131  0.006997   0.04213        28       256    0.7737    0.7264    0.7827    0.6464   0.02486   0.00736  0.007917
     73/99     1.87G    0.0235   0.01114  0.006712   0.04135        25       256    0.7578    0.7089     0.777    0.6466   0.02486  0.007433  0.008773
     74/99     1.87G   0.02337   0.01124  0.006855   0.04146        28       256    0.7496    0.6612    0.7453    0.6197   0.02444  0.007602  0.009086
     75/99     1.87G    0.0243   0.01143  0.006429   0.04216        25       256    0.7362    0.7267    0.7706    0.6405   0.02454  0.007716  0.008525
     76/99     1.87G   0.02368   0.01136  0.006208   0.04126        37       256    0.7638    0.7002    0.7686    0.6342   0.02497  0.007366  0.009668
     77/99     1.87G    0.0231   0.01097  0.005872   0.03994        35       256    0.7172    0.7153    0.7636     0.633   0.02528  0.007497   0.00934
     78/99     1.87G   0.02332   0.01105  0.006999   0.04137        34       256    0.7786    0.6933    0.7767    0.6368   0.02528  0.007451  0.008894
     79/99     1.87G    0.0232   0.01115  0.006652     0.041        34       256    0.7803     0.665    0.7737    0.6375   0.02498  0.007404  0.008231
     80/99     1.87G   0.02312   0.01118  0.006119   0.04042        42       256    0.8051    0.6892    0.7785    0.6395   0.02496  0.007569  0.007927
     81/99     1.87G   0.02321   0.01106  0.006193   0.04047        31       256    0.7196    0.7423    0.7786    0.6457   0.02528  0.007579  0.008331
     82/99     1.87G   0.02343   0.01113   0.00612   0.04069        29       256    0.7475    0.7093    0.7696    0.6394   0.02446  0.007582   0.00916
     83/99     1.87G   0.02297   0.01105  0.006474    0.0405        36       256    0.7845    0.7022    0.7897    0.6594   0.02392  0.007306  0.007679
     84/99     1.87G   0.02324   0.01125   0.00591    0.0404        32       256     0.769    0.6686    0.7652    0.6401   0.02455  0.007453  0.008734
     85/99     1.87G   0.02266   0.01083  0.005916   0.03941        29       256    0.8007    0.6974    0.7946    0.6614    0.0246  0.007387   0.00779
     86/99     1.87G   0.02269    0.0111  0.005957   0.03974        31       256    0.7363    0.7197    0.7773     0.646   0.02479  0.007503  0.008414
     87/99     1.87G   0.02284   0.01114  0.005537   0.03952        42       256    0.7873    0.7114    0.7824     0.654   0.02496  0.007473  0.007753
     88/99     1.87G   0.02281   0.01072  0.005823   0.03935        21       256    0.7802    0.6839    0.7711    0.6417   0.02511  0.007312  0.009015
     89/99     1.87G   0.02288   0.01134  0.005719   0.03994        43       256     0.749    0.7056    0.7679    0.6451   0.02445  0.007455  0.009067
     90/99     1.87G   0.02263   0.01086   0.00571    0.0392        22       256     0.828    0.6468    0.7728    0.6503   0.02457  0.007377  0.008192
     91/99     1.87G   0.02227   0.01074  0.005899   0.03892        32       256    0.7728    0.7025    0.7778     0.649    0.0244  0.007609  0.007993
     92/99     1.87G   0.02257    0.0108  0.005756   0.03913        38       256    0.7771    0.6774    0.7688    0.6431   0.02408  0.007315  0.008585
     93/99     1.87G   0.02232   0.01097  0.006014    0.0393        30       256    0.7558     0.693    0.7675    0.6448   0.02442  0.007375  0.009964
     94/99     1.87G   0.02239   0.01084  0.005748   0.03898        23       256    0.7335    0.7169    0.7767    0.6497   0.02447  0.007399  0.008732
     95/99     1.87G   0.02248   0.01099  0.006247   0.03971        34       256    0.6907     0.694    0.7393    0.6216   0.02502  0.007412   0.01097
     96/99     1.87G   0.02288   0.01092  0.005744   0.03954        33       256    0.7462    0.7207    0.7737    0.6483   0.02441  0.007424  0.008102
     97/99     1.87G   0.02215   0.01068   0.00614   0.03897        50       256    0.7591    0.6974    0.7745    0.6496   0.02445  0.007349  0.008625
     98/99     1.87G   0.02237   0.01072  0.005237   0.03833        39       256    0.7069     0.712    0.7665    0.6393   0.02473  0.007606  0.009775
     99/99     1.87G   0.02223   0.01092  0.005619   0.03878        31       256    0.8261    0.6649    0.7839    0.6583   0.02466  0.007441  0.008005
